306
216
206
191
174
165
161
143
121
118
116
112
109
108
107
105
88
85
81
80
75
72
69
57
55
48
47
45
44
40
38
35
33
29
29
25
24
22
20
17
16
13
11
9
8
7
6
2
1
1
211
200
154
134
125
111
108
102
89
85
79
77
72
70
68
65
55
54
53
52
48
43
42
40
39
38
37
37
37
35
33
33
33
32
31
30
30
29
26
25
25
25
23
21
19
17
15
13
13
12
12
11
11
8
6
4
4
4
4
4
3
1
326
305
280
221
191
158
139
127
118
107
106
102
101
89
87
86
51
47
45
41
40
33
32
30
29
27
20
19
16
14
12
3
1763
1022
869
833
673
623
549
532
527
526
467
431
398
378
312
307
294
291
277
272
264
201
181
145
134
107
92
85
67
63
20
541
432
299
234
226
211
201
196
191
191
188
184
171
170
167
159
154
148
135
135
134
133
131
130
128
120
120
116
115
114
107
103
98
96
94
93
90
90
88
84
84
82
79
76
75
73
73
71
66
63
63
62
62
58
58
57
56
55
53
52
52
51
51
51
50
47
46
43
40
39
39
38
37
36
35
31
29
27
27
25
24
23
22
22
21
19
19
19
19
18
17
17
17
17
16
15
13
13
12
12
11
11
10
10
10
7
7
5
4
3
3
2
1
399
343
304
302
245
228
201
172
144
143
122
119
114
109
103
99
95
89
86
79
73
70
59
54
54
54
48
47
44
44
39
30
30
28
16
14
13
9
5
2
2
227
212
196
156
152
129
123
104
101
100
93
91
85
79
78
76
73
64
59
53
46
46
46
42
40
34
29
26
26
22
21
21
16
16
12
9
6
5
2
1
179
123
119
85
82
79
75
75
58
54
52
47
46
45
43
42
40
39
38
32
26
25
23
22
16
16
16
14
10
8
2
584
570
480
415
391
370
343
340
333
319
292
288
259
259
248
244
223
220
218
212
205
203
202
188
185
180
180
172
169
163
156
152
146
136
132
129
125
123
122
120
117
116
112
111
110
109
109
109
104
103
103
101
97
96
93
91
91
88
86
82
81
80
79
79
78
77
76
76
75
75
73
73
72
71
71
68
64
62
59
57
55
51
49
47
47
46
46
45
45
44
43
43
42
39
37
36
35
34
33
32
32
31
29
28
24
24
24
23
20
19
18
17
17
16
15
15
14
14
12
11
10
10
9
8
7
6
6
5
5
5
5
3
2
2
2
310
219
211
133
112
104
99
84
71
62
57
39
33
32
28
25
13
9
5
3
2
174
104
99
82
79
73
70
67
56
50
50
49
49
44
32
31
30
30
30
27
26
26
25
25
24
22
21
21
18
17
16
14
12
12
11
9
9
9
8
8
8
6
5
5
5
1
1
1
82
71
66
61
58
54
51
49
45
45
44
44
43
43
36
30
29
25
23
23
22
22
21
20
20
19
19
18
17
16
13
9
9
9
8
7
7
7
6
5
5
3
2
1
4867
2451
2417
2365
2144
1947
1880
1872
1841
1627
1623
1486
1342
1240
1124
1023
1009
960
959
885
821
817
799
773
681
673
633
623
596
516
438
412
389
376
310
299
203
202
143
140
133
120
117
110
75
73
68
64
63
32
22
305
286
271
193
193
192
185
163
143
135
130
126
122
121
120
116
111
107
91
89
83
82
69
69
69
67
63
60
48
47
43
43
42
42
40
39
34
33
30
30
27
16
14
14
13
9
6
2
215
190
185
155
151
146
110
102
91
87
84
77
74
73
71
71
71
64
63
59
58
56
55
53
49
46
46
43
42
42
41
40
39
38
38
36
36
35
34
32
31
29
28
27
26
25
22
22
22
21
21
18
18
17
17
17
17
16
16
15
14
14
14
12
11
10
9
8
3
3
1
1
89
85
66
57
45
39
38
38
36
35
28
28
28
26
26
23
23
20
20
19
19
18
17
14
14
13
13
12
11
9
8
6
6
6
5
4
4
2
1
1
229
214
135
125
121
118
117
116
115
102
92
88
81
80
77
74
74
74
71
70
66
59
58
54
53
52
51
48
47
46
45
45
44
43
42
41
37
34
33
32
29
29
26
25
25
24
23
21
19
18
17
17
16
15
15
14
9
7
6
5
3
3
2
1
1
1
538
378
277
201
186
186
181
172
158
114
110
105
100
97
93
89
88
80
77
72
61
50
46
44
43
38
37
36
36
35
29
26
21
19
8
7
3
225
189
180
173
144
127
107
106
97
92
88
84
83
80
67
66
66
62
57
53
52
51
50
48
47
46
44
44
39
38
32
31
29
29
29
27
26
25
25
25
23
23
22
21
19
18
15
8
7
6
6
4
2
2
1
1
1
1
520
434
424
353
314
307
276
263
239
236
232
183
179
178
169
167
163
162
129
127
123
117
115
110
105
100
98
96
96
93
84
83
82
75
66
57
55
54
50
48
47
43
38
34
24
23
23
23
17
8
5
1
790
614
378
371
248
225
199
196
185
178
159
76
64
64
29
6
1
726
414
363
360
322
306
282
277
276
258
251
240
237
224
209
203
202
171
164
156
155
154
153
145
140
138
133
132
121
120
116
115
114
106
105
105
99
94
93
91
90
89
88
69
64
61
59
47
47
44
44
43
42
42
39
36
36
35
34
30
30
27
27
24
22
18
16
14
13
11
11
5
4
4
3
1
231
117
107
104
90
64
64
53
48
47
46
46
45
38
36
31
29
28
23
22
22
19
15
12
11
11
9
7
5
4
2
2
2
162
149
121
102
81
79
72
72
71
55
50
48
46
44
42
42
39
37
29
28
28
28
27
26
25
24
19
15
12
9
9
8
6
4
4
102
96
73
61
44
38
33
30
25
23
22
21
20
19
15
14
13
12
10
9
8
6
4
4
3
1
1
12135
7491
6224
5792
4913
4783
4452
4404
4403
4225
3681
3249
2865
2755
2659
2431
2395
2257
2090
2012
1920
1792
1632
1555
1415
1387
1336
1290
1125
1043
823
740
507
462
398
351
220
140
74
63
330
182
105
103
89
83
74
70
55
44
33
32
14
11
11
7
6
2
133
89
69
69
64
53
40
38
37
36
35
34
22
19
18
15
15
11
11
11
9
7
6
5
4
2
1
399
368
323
312
305
305
303
301
241
228
227
202
193
184
180
179
168
167
151
144
135
120
112
110
104
101
101
96
88
82
80
78
75
69
68
66
60
59
58
56
53
51
43
42
41
31
30
29
29
24
23
14
13
12
12
12
8
2
1
43194
39405
36068
32029
29654
26308
24035
23882
23184
23040
22674
22535
20721
20324
19133
19041
19021
17634
17532
17447
17238
16735
15203
15073
14961
14938
14501
14433
14176
14172
13383
12900
12016
11838
11146
11144
10757
10398
9952
9423
9194
8808
8483
8214
8141
8071
7807
7608
7579
7416
7348
7153
7032
6480
6391
6371
6175
6157
6031
5885
5705
5441
5411
5274
4892
4757
4640
4604
4537
4501
4361
4186
4054
4031
3859
3263
3000
2911
2855
2772
2751
2683
2617
2335
2073
1766
1721
1384
1135
917
840
814
688
625
562
273
262
169
56
46
678
349
344
336
308
278
267
251
250
212
211
208
207
169
168
141
140
134
130
123
116
98
93
87
78
74
67
66
61
58
57
48
47
38
37
28
27
26
23
22
10
3
2
205
189
145
134
127
119
107
106
104
102
94
93
91
91
91
87
68
60
56
55
51
45
37
34
34
34
31
30
29
28
28
27
24
23
22
20
17
16
13
11
11
11
11
11
9
7
6
3
2
1
181
167
146
136
127
124
115
114
105
102
97
90
89
85
73
71
68
68
64
62
58
58
55
53
53
49
45
44
44
41
38
37
36
36
34
30
27
27
25
22
19
19
17
15
14
14
13
10
10
8
7
7
6
4
4
3
2
1
359
238
225
220
213
189
187
187
182
164
161
158
158
148
147
142
138
121
121
120
117
114
107
106
100
100
99
98
95
94
92
88
85
80
79
74
73
70
69
69
69
65
63
60
59
57
56
55
55
54
53
52
52
51
50
49
48
47
47
46
45
44
44
42
41
40
39
39
38
36
36
35
35
34
33
32
30
30
29
24
23
23
21
19
18
16
16
14
14
14
13
13
13
13
13
11
11
10
9
9
9
9
8
8
8
8
8
8
7
5
5
4
3
3
3
2
2
711
593
579
571
565
489
452
441
385
385
355
345
325
318
315
309
301
297
295
290
289
274
265
263
255
239
235
231
221
208
204
203
201
201
194
175
168
167
167
162
161
159
154
151
144
144
143
137
136
120
115
114
114
112
107
106
103
99
97
91
87
86
85
81
81
78
76
72
72
71
71
70
68
63
61
61
54
52
52
50
44
44
44
43
42
40
38
32
32
30
27
25
23
20
19
17
15
15
14
12
12
10
10
9
8
7
6
4
2
717
384
358
357
304
286
253
186
183
160
120
112
100
94
91
90
67
51
43
36
11
10
5
3
1534
1118
992
827
749
747
659
624
569
552
542
512
510
480
474
464
463
453
451
450
403
398
392
382
373
369
365
355
354
347
343
342
338
334
316
311
308
304
303
283
276
267
258
253
244
240
234
231
222
221
219
214
210
208
208
198
192
190
188
187
175
174
170
165
156
154
153
152
149
144
143
142
141
136
135
135
127
116
114
110
106
104
101
100
97
96
93
92
89
88
82
73
70
64
63
59
56
55
51
50
44
43
41
40
40
39
32
32
29
23
19
18
15
10
9
5
5
5
4
3
2
183
102
97
90
75
62
60
55
49
48
42
39
33
31
28
26
25
17
15
15
10
7
6
4
1
127
89
85
70
59
57
49
43
40
36
31
30
25
25
24
22
19
17
11
10
9
9
9
8
6
6
5
4
4
2
1
150
123
115
109
105
104
97
89
87
86
86
82
81
77
69
67
64
56
53
52
50
49
46
43
43
40
38
38
37
36
35
34
34
33
33
29
28
25
25
25
25
25
24
23
19
18
18
18
18
17
16
16
15
15
14
13
12
11
9
7
6
6
5
5
2
2
1
1
262
217
151
122
120
107
104
89
83
81
75
66
62
54
51
51
42
41
39
35
32
24
20
16
11
8
7
6
2
1
4667
3458
3034
2476
1974
1590
1549
1511
1474
1223
1220
1121
1056
929
895
858
853
793
792
739
717
547
544
513
471
450
419
321
318
314
303
297
295
273
237
223
158
104
99
84
55
16
15
491
418
398
355
314
297
286
283
268
244
233
231
209
207
197
191
190
189
187
184
180
180
179
162
159
152
150
137
136
127
118
115
114
105
103
102
99
94
93
90
88
87
75
75
72
67
63
62
61
57
50
50
50
49
48
45
44
43
39
33
32
32
31
30
25
20
20
15
15
15
13
13
11
11
9
5
3
2
1
1971
1299
1285
1279
1100
1039
1029
948
894
818
759
695
675
650
636
560
551
547
497
497
494
434
429
427
425
421
399
357
340
334
324
291
288
287
267
235
233
223
201
197
192
181
176
172
166
164
155
151
151
145
121
105
88
72
69
57
48
48
36
29
23
18
14
10
6
3
159
116
97
91
88
84
82
69
61
53
53
51
51
48
46
45
45
41
38
38
37
36
36
34
33
32
30
29
29
29
28
26
26
24
23
21
21
20
18
18
15
14
14
14
13
13
13
11
11
9
9
8
8
8
8
8
7
6
6
6
5
5
5
5
5
5
4
3
2
2
6868
4567
4395
3929
3789
3705
3486
3367
3293
3250
3247
2987
2551
2338
2228
2203
2191
1936
1878
1799
1796
1782
1725
1721
1691
1682
1532
1466
1304
1209
1163
1028
849
842
781
780
772
653
523
467
424
413
367
361
263
153
110
106
79
228
206
179
157
134
130
128
127
111
107
98
88
86
66
66
60
60
57
55
51
45
45
42
41
35
34
27
25
24
21
20
15
14
11
11
6
3
3
3
156
152
146
106
95
86
81
81
78
75
67
66
65
64
64
64
61
61
59
56
56
55
52
50
50
47
45
45
42
40
40
39
38
37
37
36
35
35
35
32
29
29
29
29
28
28
26
25
25
25
24
24
24
22
20
20
18
18
17
17
16
16
15
15
15
15
14
14
14
13
13
12
11
9
9
8
8
7
7
6
6
6
5
4
4
3
2
1
1
281
210
175
143
129
101
100
77
76
74
56
48
48
47
45
34
34
22
22
17
17
17
12
12
11
9
9
3
83
82
81
68
66
64
63
56
53
53
52
51
51
47
46
44
43
42
42
41
40
40
37
37
36
36
32
32
31
30
29
29
28
28
28
26
26
24
24
23
23
22
19
19
19
19
19
18
17
15
15
14
13
12
12
12
11
11
11
11
10
10
10
10
9
9
9
8
8
8
8
8
8
7
7
7
6
6
6
6
6
6
5
5
5
5
5
5
5
4
4
4
4
4
4
3
3
3
2
2
2
2
2
2
2
2
2
2
2
1
1
1
1
1
1
97
89
79
74
69
64
49
44
44
42
41
41
38
36
35
34
33
30
28
28
27
26
26
26
24
24
23
22
22
21
20
20
16
16
15
15
14
14
12
12
12
12
11
10
9
9
8
8
7
7
6
6
6
5
3
2
1
1
1
1
1374
886
616
539
478
475
475
390
381
375
337
327
324
298
297
266
247
246
246
221
221
217
215
211
210
208
205
193
190
178
174
168
164
162
154
151
149
140
140
139
136
127
118
102
101
99
93
85
83
83
82
80
74
70
66
65
65
62
62
52
49
48
42
41
39
39
38
37
36
34
32
30
29
28
26
23
16
13
10
5
5
5
1
2037
1427
1422
1288
1242
1139
1106
1105
1043
1005
968
935
850
804
768
753
701
696
688
612
575
556
513
476
469
444
442
432
429
420
401
395
364
364
356
347
331
294
290
287
287
267
265
260
221
214
208
190
189
176
174
169
138
125
120
115
110
106
100
96
95
86
84
77
73
64
52
47
37
26
26
25
17
17
10
9
1
890
745
727
502
456
433
424
381
378
371
319
312
301
298
296
289
284
281
273
268
258
257
255
238
236
233
225
223
213
210
208
207
205
200
200
197
194
182
178
174
173
163
144
143
141
139
138
136
134
134
131
128
126
126
123
115
114
113
111
107
105
105
104
100
97
95
95
95
94
91
89
88
86
83
77
76
75
72
71
71
70
69
67
63
61
59
58
58
53
51
50
50
49
49
47
45
45
44
41
40
39
38
32
32
29
26
25
24
23
22
17
16
16
15
15
12
11
9
8
8
7
6
6
5
5
2
1
1
211522
142009
137365
124910
120773
115886
113671
112006
105500
92602
92426
90961
74917
69715
65928
65652
63111
63102
61814
61769
60788
58221
56402
55032
54846
53868
52204
52081
50530
49239
48819
48817
46111
45459
42345
41597
41460
39405
36511
35481
35233
34894
34119
33945
33445
32287
31460
31261
30141
29751
29739
28264
27882
27235
26233
26104
24058
23600
22951
22701
20928
20850
20799
20458
18801
18479
17601
16241
15347
15208
15116
14833
14534
14206
14093
13769
12125
12043
12015
11743
10822
10376
10086
9801
9237
8778
8398
8311
7140
6616
6370
5564
4955
4906
4896
4886
4366
4288
3550
3530
1394
1186
1052
596
638
595
571
512
475
418
374
358
326
324
322
318
299
294
293
279
277
263
256
247
237
232
232
224
216
211
196
192
179
179
178
174
173
168
166
164
157
157
154
152
151
149
145
131
126
125
120
119
116
113
111
108
106
105
104
99
96
92
86
81
70
66
60
53
50
48
47
46
45
42
40
39
33
30
27
25
24
24
22
21
20
20
19
17
17
13
12
8
5
4
4
818
563
550
462
389
318
277
273
253
249
239
201
175
154
139
134
134
115
111
101
89
52
43
36
35
24
13
11
4
452
388
258
231
173
168
166
162
154
132
129
117
115
107
87
75
69
67
66
66
42
40
38
26
20
9
9
6
6
2
576
508
395
375
372
354
339
328
319
311
287
266
244
233
225
212
199
199
191
185
175
171
162
157
155
142
139
136
136
136
135
128
120
117
116
115
112
102
101
100
98
95
93
89
82
80
80
77
76
74
72
69
65
64
63
53
52
50
50
43
41
38
37
35
32
32
25
24
21
20
20
17
14
13
12
12
9
8
6
6
4
2
2
127
90
80
74
66
47
45
40
34
34
33
32
29
27
25
19
15
13
10
9
7
7
5
5
4
4
3
1
90
73
64
64
61
59
57
46
41
39
37
37
35
33
31
28
28
24
23
20
19
17
17
16
16
14
14
14
13
13
12
12
11
11
10
8
8
7
7
7
6
5
5
5
5
5
1
1
1
507
399
290
280
264
256
222
204
197
189
168
167
161
160
138
124
117
104
103
83
76
70
68
64
62
56
54
54
44
43
42
40
40
39
38
29
25
13
8
7
6
4
3
3
696
461
444
385
372
340
334
334
321
317
303
275
248
225
210
209
196
188
186
178
178
167
163
154
150
137
130
120
110
109
99
95
90
87
83
81
81
80
78
76
75
73
73
67
66
60
57
54
51
49
49
44
44
43
39
36
35
29
29
28
26
24
22
19
17
17
13
12
9
8
8
7
4
605
479
444
314
216
214
206
205
199
199
187
180
176
171
161
153
152
150
131
112
111
110
108
107
106
95
95
94
89
87
76
75
70
67
60
52
50
50
46
45
43
42
41
36
35
35
33
32
30
30
29
25
23
14
12
11
9
8
4
1
1
107
98
81
81
73
67
55
52
50
45
40
36
32
32
28
27
26
25
21
17
12
11
11
9
8
8
7
7
5
5
4
3
2
2
2
1
1
1
2048
1405
1328
1256
1241
1234
1120
1054
996
942
930
894
893
877
870
848
826
809
808
799
742
728
724
715
707
677
675
646
643
640
638
635
613
609
606
586
579
575
571
559
551
507
476
466
466
461
459
453
447
433
428
412
400
397
394
372
362
351
341
333
328
320
314
312
310
306
295
290
287
282
268
264
261
258
254
248
244
244
243
239
229
224
220
215
206
204
203
201
200
199
186
184
183
175
173
169
168
168
160
153
145
142
138
136
134
132
130
118
116
113
113
110
104
103
96
96
94
93
90
87
84
82
77
76
74
70
63
50
48
46
46
42
38
33
27
24
22
17
16
11
10
10
8
588
459
435
415
401
395
391
385
342
329
290
269
262
253
252
227
223
207
206
199
193
193
185
172
172
164
158
154
152
151
150
148
145
140
138
129
128
124
124
122
120
116
109
107
105
105
104
101
97
97
91
91
86
86
85
84
83
83
80
78
74
73
72
69
60
59
58
57
55
53
52
45
41
38
37
36
32
30
29
27
27
25
25
25
24
24
21
21
19
19
19
16
16
14
13
12
10
10
9
8
6
5
5
5
5
3
2
497
453
396
372
350
301
296
263
251
238
192
191
142
140
132
115
111
95
85
82
68
67
65
65
63
61
41
36
35
26
18
12
12
8
6
1
467
277
249
230
227
212
208
202
201
196
189
167
158
150
141
130
120
120
119
111
105
101
101
87
80
77
77
77
67
65
64
61
60
59
59
58
53
50
45
44
35
34
33
33
30
29
26
25
24
20
20
20
18
16
16
16
13
11
8
4
2
301
279
218
196
179
149
144
135
117
115
115
89
85
82
63
56
55
48
40
29
27
24
22
21
11
11
8
8
1404
1207
1014
823
698
649
614
604
584
511
455
367
317
261
241
226
221
210
178
165
151
106
94
76
72
50
42
39
8
7
1
128
94
82
73
65
57
45
44
41
38
34
32
31
31
27
27
23
22
21
18
16
15
14
13
12
11
10
10
9
7
7
7
6
5
3
3
1
334
298
256
232
226
220
212
206
186
158
158
143
142
127
116
114
113
107
106
94
91
88
87
86
77
77
63
63
57
57
56
50
50
44
40
38
30
29
28
26
25
20
16
13
12
12
11
10
8
8
1
726
547
498
476
476
363
342
310
289
253
218
215
199
199
187
185
185
179
179
177
175
168
160
148
137
126
124
110
109
102
99
93
93
75
73
69
64
44
44
40
34
26
26
25
24
24
24
22
18
14
14
259
128
122
104
93
88
83
81
80
65
65
62
58
55
50
49
46
40
37
37
33
32
28
26
26
25
25
24
22
21
21
20
18
16
15
15
14
14
12
12
9
9
9
8
8
6
6
6
4
4
4
3
3
2
1
3571
1804
1734
1727
1596
1541
1514
1487
1464
1430
1356
1287
1248
1214
1174
1064
1051
1013
990
921
912
847
830
823
778
765
764
760
751
689
659
643
602
600
567
553
539
538
520
507
501
489
489
461
461
428
428
398
369
364
324
315
314
253
206
185
181
179
172
143
140
128
112
109
88
64
57
43
41
29
22
9
465
222
219
210
183
182
175
162
146
137
137
134
133
132
123
111
110
102
102
97
83
79
76
75
74
69
67
66
57
52
51
47
43
43
43
43
42
39
38
36
36
35
34
33
33
32
32
30
30
29
28
26
25
24
22
22
21
18
17
17
15
14
13
13
12
12
10
9
7
7
7
5
2
2
1
294
211
191
186
164
164
152
145
135
111
101
77
76
74
68
67
50
44
36
26
26
26
22
17
13
11
6
4
148
121
99
95
85
64
56
53
46
45
44
42
41
41
36
35
33
32
32
32
31
31
30
30
29
27
26
26
25
24
24
18
18
16
16
16
15
15
15
14
13
13
12
11
9
9
8
7
6
6
6
6
4
3
3
3
2
2
1
1
351
323
317
294
261
252
246
226
181
171
158
146
125
112
110
105
100
90
76
70
54
48
48
33
27
26
22
9
3
1
24043
12055
11840
11413
11159
9703
9452
9427
9327
8684
8512
8328
7776
7734
7659
7651
7625
7528
7277
6974
6732
6632
6407
6364
5973
5807
5642
5580
5558
5540
5509
5482
5455
5377
5141
5109
4799
4774
4690
4650
4630
4589
4543
4441
4343
4305
4267
4249
4065
4038
4020
3893
3710
3602
3588
3491
3445
3434
3432
3353
3345
3112
3110
3077
3042
2966
2926
2913
2898
2873
2871
2814
2808
2772
2673
2661
2639
2639
2637
2539
2477
2475
2459
2444
2377
2311
2288
2249
2209
2193
2177
2169
2156
2154
2152
2138
2054
2046
2000
1984
1983
1942
1935
1927
1904
1894
1883
1851
1816
1744
1686
1668
1654
1598
1547
1480
1424
1306
1305
1304
1230
1226
1221
1216
1183
1164
1094
1083
1054
1036
1014
1000
988
971
949
943
913
893
885
866
859
852
852
762
731
731
727
718
696
689
631
605
581
570
514
510
495
488
477
473
462
459
439
423
412
369
309
304
296
283
281
261
257
244
228
188
180
177
175
160
150
148
139
126
121
102
83
42
19
16
10
188
161
152
149
144
138
117
101
93
92
92
88
81
75
73
61
61
58
55
52
50
49
44
44
38
37
36
35
35
35
34
30
26
26
25
25
24
23
22
22
21
18
18
16
16
14
14
14
12
12
10
8
8
8
8
7
6
6
6
6
4
4
3
3
2
2
1
1
1
1
225
216
161
142
128
107
106
106
106
104
98
93
90
89
88
88
84
82
80
76
71
70
69
68
66
64
62
62
62
59
58
57
56
55
54
53
51
50
49
48
47
44
40
37
35
34
34
33
30
29
28
27
27
26
26
25
25
23
22
21
21
19
16
15
14
13
13
13
13
12
12
11
11
11
10
9
8
8
7
6
6
5
5
5
4
4
4
2
2
1
1
7399
5569
5386
3605
3502
3341
3150
3004
2799
2798
2573
2559
2450
2424
2306
2290
2156
2152
2135
1848
1705
1676
1645
1553
1496
1488
1427
1380
1321
1214
1190
1181
1119
1073
1073
1069
1051
1050
1045
1036
1020
917
860
856
852
825
817
813
793
781
772
754
748
743
735
734
694
688
674
669
622
609
585
561
550
511
476
460
448
447
444
416
399
371
357
347
340
338
336
302
300
299
293
260
259
257
249
227
206
182
181
179
147
144
139
98
84
82
82
69
38
28
172
155
129
108
107
106
103
102
101
94
94
88
86
82
81
77
74
71
67
66
65
63
61
59
59
59
56
55
50
49
47
47
41
39
39
39
39
37
36
35
34
34
31
31
31
31
30
29
28
28
27
26
25
25
24
24
24
23
21
21
19
19
17
15
14
14
14
13
13
13
13
12
12
10
10
9
8
8
8
7
7
7
7
7
6
5
5
5
4
3
3
3
3
2
2
2
2
902
797
778
696
663
575
513
494
435
406
405
390
389
387
367
348
337
329
327
305
303
291
285
273
268
265
259
258
243
240
229
214
207
202
198
183
182
178
171
168
167
166
155
154
151
140
134
118
115
114
109
106
104
103
103
97
97
95
90
86
83
83
82
80
79
79
75
75
74
70
67
64
63
59
58
54
52
48
47
45
44
40
36
33
30
27
27
21
19
18
16
14
12
11
7
5
3
746
551
424
382
381
315
313
292
289
282
279
274
253
240
239
224
215
212
212
199
195
183
179
177
168
164
164
163
163
147
147
143
130
124
123
122
115
113
111
109
105
101
96
89
87
83
80
74
63
60
59
55
55
51
50
49
48
46
46
46
45
42
40
38
33
31
28
24
14
13
13
13
9
6
4
3
2
642
470
387
368
364
314
306
283
271
268
266
239
237
229
228
218
218
215
210
207
203
198
197
195
192
192
191
187
184
180
172
171
164
163
160
156
155
152
151
151
148
142
141
140
139
139
138
135
131
121
114
114
112
109
107
105
105
102
102
102
102
99
95
94
94
88
87
85
84
84
83
82
78
78
77
74
72
70
69
68
67
66
66
65
64
60
53
53
50
49
48
46
46
44
43
42
40
39
37
37
36
33
31
30
29
29
26
26
26
25
24
24
23
22
22
22
21
21
21
20
19
18
17
17
16
14
13
12
12
12
10
8
6
6
5
4
4
3
2
2
2
1
1
237
155
125
118
112
101
97
94
90
86
80
78
74
62
58
51
51
48
48
46
44
39
39
37
36
35
34
33
32
31
30
30
30
30
29
29
25
24
24
24
23
18
15
15
15
15
14
14
13
13
13
12
11
11
11
11
10
10
9
8
7
7
7
7
7
4
4
4
4
4
4
3
3
3
3
2
1
1
1
387
380
359
342
337
328
284
275
233
225
204
203
191
175
157
148
145
145
144
139
137
130
130
124
119
118
114
114
111
105
103
103
102
98
95
94
87
87
86
84
83
78
78
73
69
67
65
64
62
58
58
56
49
47
47
46
42
41
41
40
39
38
36
34
32
28
25
24
20
20
20
19
18
15
15
15
13
13
12
10
10
8
8
6
4
3
3
2
393
258
193
189
159
156
132
131
123
114
107
107
102
90
87
81
77
68
54
52
51
46
46
45
44
42
41
38
36
33
29
19
17
15
9
5
4
1
811
805
769
747
742
571
494
489
483
456
440
425
389
378
344
287
286
286
275
269
267
264
263
262
254
248
240
229
226
225
217
209
202
196
195
191
184
179
177
166
164
157
154
153
152
148
147
143
141
135
125
113
107
106
102
101
97
95
93
91
86
86
85
82
77
70
65
65
63
61
61
60
57
55
53
51
49
45
44
41
38
37
36
35
34
34
24
23
22
22
20
18
14
6
4
3
1065
1002
597
585
583
518
509
505
475
473
437
434
409
387
385
378
377
358
344
327
294
290
281
277
277
276
275
270
269
254
245
237
232
230
223
221
221
217
208
203
199
196
186
174
172
172
171
169
166
150
146
141
132
130
129
128
121
118
117
113
105
104
104
102
102
101
99
99
97
91
81
81
78
74
73
72
71
68
68
63
61
60
57
43
42
42
40
38
38
37
36
35
33
32
31
29
28
28
26
22
20
15
11
6
4
4
3
2
3926
3008
2326
1936
1899
1863
1847
1821
1807
1760
1583
1520
1437
1418
1393
1383
1349
1323
1309
1228
1192
1168
1159
1148
1121
1073
1063
1029
1003
989
985
945
941
903
861
837
793
759
753
752
710
702
700
657
624
623
578
573
567
555
543
521
515
495
453
450
421
417
414
411
404
392
388
359
358
350
342
340
332
328
319
319
299
296
287
285
283
259
242
233
227
225
221
221
221
218
212
208
198
196
177
174
169
162
161
156
148
136
135
134
134
124
121
112
111
98
94
87
87
85
84
82
71
71
55
53
37
36
33
33
32
26
9
4
1
229
112
103
94
73
70
66
66
64
50
49
46
42
39
39
38
38
38
36
35
34
34
28
23
22
19
18
18
16
16
14
10
10
10
10
9
9
9
8
8
8
8
5
4
3
3
2
2
2
1
1
1
2705
1980
1436
1335
1282
1223
1195
1160
1078
1056
1035
992
963
883
882
805
787
721
632
576
533
511
510
507
485
480
446
424
403
402
393
384
376
365
355
350
339
337
335
332
327
309
308
307
288
270
259
258
251
247
235
235
235
232
228
228
223
213
204
203
176
172
167
138
133
106
101
96
89
84
67
58
58
56
36
26
14
9
8
7
2
420
283
278
278
275
253
252
222
190
172
169
161
156
141
138
138
125
119
114
111
106
97
84
81
79
78
74
66
65
65
64
53
48
45
36
34
30
23
20
19
16
14
13
13
11
8
8
6
4
2
2
296
254
250
200
190
156
144
140
123
118
116
104
97
93
85
77
74
66
62
46
44
43
33
29
24
22
22
21
18
15
15
9
9
7
6
4
116
74
64
64
57
49
47
46
43
42
37
36
32
27
26
26
23
23
23
23
20
19
17
17
14
14
14
13
13
13
12
11
10
9
9
7
6
6
5
4
4
4
3
3
3
3
2
2
1
292
227
144
134
108
99
89
53
45
28
22
16
12
62483
56057
50439
41234
38175
36106
30538
29452
24527
24254
24045
23558
21904
20524
20503
19840
19597
18052
16777
16535
15896
15884
15697
14739
13662
12901
12747
12416
11883
11003
10681
10091
9774
9720
8922
8260
8183
7636
7370
7193
6775
6426
6373
6242
6071
5170
5133
4786
4411
4254
4107
4102
3890
3539
3506
3055
2998
2952
2862
2304
1801
1710
1659
1635
1550
1215
1168
1079
879
866
603
174
93
281
116
94
89
82
74
73
73
52
36
33
22
20
19
16
11
8
2
1
98
78
55
42
42
36
34
33
22
21
17
15
15
11
10
6
5
4
3
1
99
96
80
71
69
69
69
57
54
52
45
45
40
39
39
38
37
35
33
32
32
31
29
29
28
26
26
26
26
24
24
23
22
20
19
19
18
18
18
18
18
18
18
18
16
15
15
14
13
13
13
13
12
12
12
11
11
10
10
8
8
8
7
7
6
6
6
5
5
5
4
4
4
3
3
3
3
3
2
2
2
2
2
2
1
680
469
345
292
280
267
246
236
203
195
168
155
149
148
147
132
132
131
127
122
120
114
113
110
105
103
98
92
79
77
72
71
60
59
59
57
47
44
41
39
38
35
34
33
31
31
30
29
26
26
19
17
14
11
9
8
7
4
23167
21339
19111
17602
10834
9823
9706
9677
9620
9263
9114
8962
8864
8560
8301
8182
8176
7473
7467
7267
6870
6549
6450
5928
5906
5830
5767
5606
5584
5374
4924
4630
4570
4531
4511
4450
4377
4296
3678
3431
3344
3339
3185
3124
2911
2855
2753
2696
2647
2521
2521
2441
2340
2315
2234
2224
2217
2208
2120
2059
2016
1961
1814
1738
1675
1663
1656
1371
1298
1265
1190
1164
1116
926
907
891
883
757
752
748
588
529
503
407
350
350
332
326
183
77
102
69
55
47
44
40
39
36
22
21
18
13
11
9
9
9
8
8
5
1
598
499
387
357
320
294
269
265
250
248
234
217
205
203
194
184
171
167
160
157
154
142
142
141
139
123
122
116
112
111
110
106
103
103
101
101
95
89
86
76
76
75
73
72
70
67
65
60
57
53
48
47
45
43
43
40
40
40
40
38
37
34
30
27
26
26
25
24
22
21
19
16
15
14
11
10
10
10
9
6
5
3
1
191
181
157
152
115
89
86
80
72
59
57
52
50
45
42
39
38
37
37
29
25
22
17
17
15
13
12
8
8
8
5
3
3
1
986
830
643
511
347
336
290
273
262
227
209
179
159
147
146
132
121
74
72
56
42
35
31
22
13
1
683
548
411
373
366
253
213
172
138
128
87
70
32
29
14
13
10
20
19
16
15
14
14
14
13
11
9
9
8
7
6
6
6
5
5
5
5
5
5
4
4
4
4
4
4
4
3
3
3
3
3
3
3
3
3
2
2
2
2
2
2
2
2
2
2
2
2
2
1
1
1
1
1
1
1
1
635
625
567
560
535
520
495
485
477
402
387
386
375
363
353
325
323
288
286
262
249
232
232
217
213
195
189
189
189
167
154
149
140
126
118
116
115
115
112
112
108
105
95
92
90
89
86
73
71
68
68
67
52
47
47
30
28
27
20
19
14
13
12
9
8
7
1
573
397
321
317
249
215
205
179
174
168
150
134
114
111
89
87
78
72
60
58
48
41
36
34
33
32
30
23
19
13
13
9
1
341
338
320
299
247
237
235
222
221
191
188
177
167
155
153
149
139
137
132
131
130
124
124
123
113
110
110
105
98
94
91
89
86
84
84
83
78
74
72
72
70
69
65
53
51
50
38
38
35
34
30
29
28
28
28
27
27
25
24
21
20
14
13
13
11
11
10
7
4
2
1
222
185
139
113
99
96
93
91
90
83
83
82
79
78
77
66
66
64
64
63
60
59
57
55
54
53
53
50
47
47
44
42
42
40
40
40
39
39
37
37
37
36
32
32
31
31
31
31
29
29
29
28
27
27
27
27
27
27
25
25
24
24
23
23
23
19
18
18
17
17
16
16
15
15
14
11
11
10
10
10
9
9
8
8
8
7
7
7
7
6
6
6
5
5
5
5
5
5
5
3
3
2
2
1
126
119
116
100
80
77
61
61
55
50
47
47
43
42
39
39
38
37
37
36
36
36
36
34
32
32
32
32
30
30
28
25
25
22
22
19
17
17
16
16
15
15
15
14
13
13
13
12
12
12
12
11
11
11
10
10
9
9
8
7
6
6
6
5
4
4
3
3
3
3
2
1
2451
1856
1749
1719
1687
1498
1483
1317
1310
1254
1241
1180
1174
1166
1137
1124
1096
1083
1054
975
907
874
870
820
810
804
775
765
754
729
727
718
650
649
647
644
644
642
626
626
620
610
602
595
572
550
544
537
537
537
494
492
471
469
466
464
448
430
419
413
393
382
380
379
367
363
362
350
331
331
329
323
321
320
312
310
306
296
296
295
289
285
281
279
273
272
270
267
267
267
266
262
255
255
254
240
239
238
237
234
230
222
220
216
214
211
209
205
205
191
191
190
185
182
179
172
169
154
148
147
145
132
129
126
124
114
112
105
105
105
105
103
101
101
88
87
84
83
83
77
76
76
75
71
71
69
67
63
61
54
47
45
42
38
33
31
28
26
26
24
24
22
11
10
7
7
3
1
48998
36202
31741
27296
26114
25274
22770
22281
22272
21934
19268
17669
17504
15157
15062
14889
13916
13588
13354
13349
12029
11617
11053
10728
9548
8893
8678
8631
8338
8115
7967
7283
7110
6771
6418
6344
5928
5798
5714
5406
5356
4735
3829
3727
3473
3223
3160
3033
2392
2356
1683
1446
1443
1190
1038
928
686
546
296
179
230
222
108
90
89
83
80
60
56
52
50
48
46
44
39
33
31
30
28
27
26
26
24
15
12
11
10
10
9
7
6
2
2
791
736
663
523
460
365
345
342
304
294
282
269
261
235
229
221
216
212
205
203
201
200
192
188
186
174
170
166
165
165
158
142
134
130
127
124
124
122
114
109
104
97
93
88
86
86
84
83
82
81
80
69
67
66
66
62
60
60
58
58
56
55
53
49
45
44
41
41
32
30
24
24
22
19
19
17
14
12
11
11
11
7
2
147
140
105
99
74
73
73
70
65
60
59
59
58
54
53
49
49
49
47
46
44
44
42
40
40
40
40
39
38
37
37
37
36
35
33
32
31
31
30
29
28
28
27
25
25
24
23
23
22
22
22
19
18
18
18
16
15
15
14
14
14
14
13
13
12
11
11
11
10
9
9
9
9
9
9
9
8
8
7
7
7
7
6
5
5
5
5
4
4
3
3
3
3
3
2
2
2
1
1
1
1
1
1
62
39
36
30
30
26
26
25
25
23
21
18
16
15
14
14
13
12
12
11
11
11
11
11
10
9
9
9
8
8
8
8
7
7
7
7
6
6
6
6
5
5
5
5
5
3
2
2
2
2
2
1
1
323
301
243
219
192
180
152
150
147
145
130
123
117
112
104
103
102
96
95
94
90
89
85
85
82
79
73
71
67
67
66
66
61
56
54
53
52
52
51
50
50
47
47
45
45
45
45
42
41
38
38
37
34
33
32
32
28
28
27
25
23
20
17
16
16
14
14
13
13
12
11
11
10
10
9
6
5
4
4
3
3
3
333
273
272
251
241
232
223
214
201
199
190
189
168
154
139
125
120
110
102
89
86
84
75
74
72
70
65
62
50
40
35
32
30
27
23
23
20
13
12
11
9
9
8
4
2
386
268
252
196
192
145
108
100
91
73
69
37
33
20
749
477
419
394
349
335
300
272
269
254
252
252
241
216
207
195
186
176
142
136
123
121
104
94
93
92
88
81
77
73
73
66
64
56
52
48
46
45
44
35
34
33
26
26
22
14
13
9
9
7
6
96
65
40
38
34
32
27
27
24
19
18
18
13
12
12
9
8
7
7
6
6
5
5
5
2
47
42
20
17
16
1
265
107
104
84
60
53
48
41
32
29
28
24
13
10
9
6
3
2
2
54
29
29
26
14
8
6
5
4
3
1
276
149
135
127
107
95
91
87
86
79
72
66
66
60
60
52
51
49
47
40
35
35
32
32
27
25
24
23
21
20
10
10
8
5
1355
1276
1135
951
898
884
797
780
747
680
680
674
616
613
577
568
568
558
536
514
502
497
484
481
480
470
461
458
457
456
432
432
423
414
404
392
390
388
385
374
361
360
353
347
342
333
317
304
298
296
294
287
287
280
278
276
267
245
238
236
231
231
230
225
223
221
219
219
212
212
211
208
198
198
196
191
187
184
184
175
174
173
171
165
152
149
149
147
145
144
141
139
139
138
126
122
120
109
105
104
98
91
87
86
86
85
85
85
83
75
74
74
70
69
65
61
59
54
50
49
46
44
43
40
38
37
33
33
29
28
25
19
17
11
10
3
3
2
2
208
133
121
117
113
101
86
82
82
80
80
69
68
61
52
44
41
38
37
37
35
34
33
32
31
23
23
23
22
19
19
18
16
15
13
12
11
11
8
6
6
4
4
2
787
763
757
704
655
643
575
492
478
459
411
407
387
376
371
359
359
357
344
328
326
321
317
305
284
280
277
273
267
263
261
260
240
238
226
226
220
213
210
207
206
199
194
193
186
181
174
169
166
156
154
141
140
139
138
133
129
128
126
119
115
114
111
109
107
103
101
90
81
80
73
72
72
71
70
68
68
67
66
61
59
57
56
56
56
55
53
51
45
42
38
36
35
34
33
32
32
31
31
30
29
28
26
25
24
23
21
14
12
9
6
3
3
2
