2828
1257
1257
943
942
942
707
559
559
558
558
530
419
419
419
419
419
314
314
314
314
236
236
236
236
236
186
186
186
186
186
177
177
177
140
140
139
105
105
105
105
105
105
105
105
105
104
100
79
78
78
78
78
62
62
59
59
59
59
59
47
47
46
46
46
44
44
44
35
35
35
35
35
35
35
35
35
33
33
26
26
26
21
20
20
20
19
15
15
15
15
15
15
15
14
12
11
11
11
11
9
8
7
6
6
6
5
5
5
5
4
4
3
2
2828
1257
1257
943
942
942
707
559
559
558
558
530
419
419
419
419
419
314
314
314
314
236
236
236
236
236
186
186
186
186
186
177
177
177
140
140
139
105
105
105
105
105
105
105
105
105
104
100
79
78
78
78
78
62
62
59
59
59
59
59
47
47
46
46
46
44
44
44
35
35
35
35
35
35
35
35
35
33
33
26
26
26
21
20
20
20
19
15
15
15
15
15
15
15
14
12
11
11
11
11
9
8
7
6
6
6
5
5
5
5
4
4
3
2
2828
1257
1257
943
942
942
707
559
559
558
558
530
419
419
419
419
419
314
314
314
314
236
236
236
236
236
186
186
186
186
186
177
177
177
140
140
139
105
105
105
105
105
105
105
105
105
104
100
79
78
78
78
78
62
62
59
59
59
59
59
47
47
46
46
46
44
44
44
35
35
35
35
35
35
35
35
35
33
33
26
26
26
21
20
20
20
19
15
15
15
15
15
15
15
14
12
11
11
11
11
9
8
7
6
6
6
5
5
5
5
4
4
3
2
