956
597
483
413
256
237
206
94
85
57
56
51
48
27
23
23
14
6
6
5
5
5
4
4
2
2
2
1
1
1
1
1
1
1
1
1
1
1
1
1
1
1
1
1
1
1
1
1
1
1
494
397
369
193
137
123
101
94
87
80
80
65
49
46
43
43
43
39
38
36
32
29
28
26
25
23
23
21
20
16
16
14
12
9
8
8
4
4
4
4
3
3
3
3
2
2
2
2
1
1
1
1
1
1
1
1
1
1
1
1
1
1
1575
425
284
248
145
96
83
57
24
15
13
8
6
3
3
1
1
1
1
1
1
1
1
1
1
1
1
1
1
1
1
1
4634
2571
1633
952
843
363
295
261
182
179
174
159
72
71
53
51
47
36
35
32
13
9
9
8
7
5
3
2
2
1
1
4987
629
456
236
211
202
199
187
184
142
130
108
101
100
91
89
66
64
61
55
49
46
40
35
32
31
29
28
28
27
27
21
19
18
17
16
15
15
14
14
13
12
11
11
11
10
9
8
8
8
8
8
6
6
6
6
6
5
5
4
4
4
4
4
3
3
3
3
3
2
2
2
2
2
2
2
2
2
2
2
2
2
1
1
1
1
1
1
1
1
1
1
1
1
1
1
1
1
1
1
1
1
1
1
1
1
1
1
1
1
1
1
1
3607
84
81
77
50
37
33
29
24
23
23
21
20
20
16
12
11
8
7
5
4
3
3
3
3
3
3
3
2
2
2
2
2
1
1
1
1
1
1
1
1
680
296
223
216
214
137
133
100
93
87
86
72
65
48
43
42
26
25
25
21
14
13
9
9
8
6
4
4
3
3
2
2
1
1
1
1
1
1
1
1
581
257
138
108
74
69
47
43
42
34
26
17
16
13
11
10
8
7
7
6
3
3
2
2
1
1
1
1
1
1
1
2354
1719
1553
1248
810
754
627
560
467
459
433
284
253
199
196
190
180
159
130
122
120
116
113
107
96
81
69
68
67
64
55
48
46
45
45
41
36
35
35
32
30
29
27
27
25
24
22
17
17
17
16
14
14
14
13
13
13
13
13
13
12
12
11
11
10
10
10
8
6
6
6
5
5
5
5
4
4
4
4
3
3
3
3
3
3
2
2
2
2
2
2
2
2
2
2
2
2
2
2
1
1
1
1
1
1
1
1
1
1
1
1
1
1
1
1
1
1
1
1
1
1
1
1
1
1
1
1
1
1
1
1
1
1
1
1
490
390
218
147
99
94
58
50
29
19
13
11
7
7
6
5
4
1
1
1
1
303
252
239
217
126
123
104
35
26
24
24
16
15
13
9
8
6
5
4
4
3
3
3
2
2
2
2
1
1
1
1
1
1
1
1
1
1
1
1
1
1
1
1
1
1
1
1
1
531
354
129
74
24
13
13
8
7
5
4
3
3
3
3
3
2
2
1
1
1
1
1
1
1
1
1
1
1
1
1
1
1
1
1
1
1
1
1
1
1
1
1
1
12257
6521
4781
4543
3153
2736
2021
1530
1431
1043
958
910
544
501
293
291
259
242
238
172
161
150
142
114
107
99
68
66
54
51
50
48
43
42
29
29
20
19
14
13
12
9
6
3
2
2
2
1
1
1
1
2261
433
391
277
228
168
94
92
62
49
41
37
36
20
19
16
14
10
9
9
7
6
6
5
4
4
4
3
3
3
3
3
1
1
1
1
1
1
1
1
1
1
1
1
1
1
1
1
396
326
278
256
230
215
190
166
137
131
130
123
117
113
94
59
59
52
49
43
35
32
29
22
17
16
16
15
13
11
10
10
9
8
8
8
7
7
6
6
6
5
5
5
4
4
3
3
3
3
3
3
2
2
2
2
2
2
2
1
1
1
1
1
1
1
1
1
1
1
1
1
215
100
78
76
63
54
53
46
37
34
25
24
21
20
12
11
10
8
8
8
8
7
6
4
4
3
2
2
2
1
1
1
1
1
1
1
1
1
1
1
1340
499
485
303
232
109
83
50
48
29
26
18
16
16
16
14
13
11
10
9
9
9
9
8
8
7
7
7
7
7
5
4
4
3
3
3
3
3
3
3
3
2
2
2
2
2
2
2
1
1
1
1
1
1
1
1
1
1
1
1
1
1
1
1
1
1
1417
583
401
383
245
156
78
78
75
59
59
56
42
37
34
25
19
14
11
10
10
9
7
6
5
4
4
4
2
1
1
1
1
1
1
1
1
770
611
359
245
176
165
151
114
82
70
70
40
38
31
25
8
8
8
7
6
6
6
5
5
5
5
4
3
3
3
3
2
2
2
2
1
1
1
1
1
1
1
1
1
1
1
1
1
1
1
1
1
1
1
1
1
1
1
5082
895
522
196
94
88
26
18
16
15
12
8
6
5
5
4
4
4
4
4
3
3
2
2
2
2
1
1
1
1
1
1
1
1
1
1
1
1
1
1
1
1
1
1
1
1
1
1
1
1
1
1
1411
839
512
342
242
132
104
71
53
19
18
11
10
8
6
4
1
4264
1000
819
532
401
325
232
174
163
158
135
133
95
84
71
69
69
56
52
39
39
37
34
33
32
30
24
24
21
20
18
16
14
12
11
9
8
8
7
6
6
5
5
4
4
4
3
3
2
2
2
1
1
1
1
1
1
1
1
1
1
1
1
1
1
1
1
1
1
1
1
1
1
1
1
1
425
289
157
85
52
51
46
38
37
28
27
22
22
22
18
14
9
8
8
5
4
4
3
3
2
2
2
2
1
1
1
1
1
518
127
114
85
70
65
64
60
56
53
47
43
37
36
32
30
28
24
22
21
14
10
8
7
6
6
5
5
5
5
3
3
2
1
1
159
88
86
77
60
51
43
32
24
23
14
8
8
7
5
3
3
3
2
2
2
2
1
1
1
1
1
33821
20342
17542
6269
5007
3403
3345
2382
1936
1525
1513
1053
850
697
667
647
487
367
341
312
279
132
121
109
87
49
48
32
27
24
22
15
12
10
6
3
2
2
2
1
461
253
164
123
74
50
36
24
16
12
12
8
7
4
4
1
1
1
415
116
77
49
45
25
19
18
14
13
13
10
6
6
5
4
3
3
2
2
2
1
1
1
1
1
1
1795
1627
1459
773
412
397
281
185
37
11
11
8
7
6
4
4
3
3
3
2
2
1
1
1
1
1
1
1
1
1
1
1
1
1
1
1
1
1
1
1
1
1
1
1
1
1
1
1
1
1
1
1
1
1
1
1
1
1
1
201092
186793
100088
85583
63785
56541
44853
25583
24886
23795
22186
21719
19763
14815
14285
11354
11001
10493
9229
7532
5554
4466
4387
4330
3903
3413
3165
3162
2444
2157
1901
1768
1752
1529
1406
1383
1163
1016
967
849
746
742
724
674
641
599
512
511
466
408
393
387
312
307
266
197
192
190
175
160
147
140
139
128
117
110
92
84
82
75
53
52
49
46
40
33
33
32
31
27
24
21
20
20
18
9
8
7
6
5
5
5
3
2
2
1
1
1
1
1
1530
1033
802
662
375
270
250
239
145
115
108
78
61
61
54
46
46
44
32
26
25
19
9
9
7
4
3
2
1
1
1
1
1
1
1
1
1
1
1
1
1
1
1
1355
422
221
122
121
61
43
37
32
30
29
28
28
25
22
17
15
14
14
14
12
10
10
8
6
5
5
4
4
4
3
3
3
2
2
2
2
2
2
1
1
1
1
1
1
1
1
1
1
1
1187
477
271
187
151
89
72
52
51
48
47
40
39
36
31
30
26
22
21
17
16
14
13
13
12
10
10
9
8
7
7
6
5
4
4
4
4
4
3
2
2
2
1
1
1
1
1
1
1
1
1
1
1
1
1
1
1
1
1709
1378
657
548
418
334
306
187
180
161
149
133
127
97
94
87
69
68
67
45
44
44
42
37
37
34
32
29
28
26
26
25
25
24
23
19
15
15
15
13
13
11
11
9
9
9
8
8
7
7
7
6
6
5
5
5
4
4
4
4
4
3
3
3
3
3
3
3
3
2
2
2
2
2
2
2
2
2
1
1
1
1
1
1
1
1
1
1
1
1
1
1
1
1
1
1
1
1
1
1
1
1
1
1
1
1
1
1
1
1
1
1
1
1
1
1
1
3294
2948
2339
1846
732
575
523
375
343
279
279
273
251
248
228
208
198
144
142
141
135
116
115
106
93
87
85
81
74
63
50
48
44
44
40
38
35
33
32
30
28
27
25
25
23
21
21
20
18
18
17
16
15
14
12
12
11
10
9
9
8
7
7
7
6
5
5
5
4
4
4
4
4
4
4
3
3
2
2
2
1
1
1
1
1
1
1
1
1
1
1
1
1
1
1
1
1
1
1
1
1
1
1
1
1
1
1
1
1
1562
812
370
308
300
127
126
108
76
59
42
40
31
17
12
8
7
5
3
2
2
2
1
1
3387
2673
2272
1945
1939
1091
1069
866
856
789
704
644
630
613
579
547
481
480
464
458
453
447
434
404
404
356
265
262
259
235
189
178
157
145
143
136
122
119
119
98
94
92
91
90
84
71
67
67
63
57
55
55
54
52
52
43
39
37
35
35
35
33
33
32
32
31
31
30
30
30
29
29
29
27
26
25
24
22
22
19
18
17
17
17
16
16
12
11
11
11
9
9
8
8
8
7
7
6
5
5
5
5
5
5
5
4
4
4
4
2
2
2
1
1
1
1
1
1
1
1
1
200
188
116
108
86
82
69
60
45
24
24
23
20
19
16
10
10
6
5
4
1
1
1
1
1
369
155
90
52
50
40
36
22
16
15
14
14
10
10
9
7
3
3
2
2
2
2
1
1
1
1
1
1
1
1
1
705
199
197
173
160
152
140
126
99
89
77
71
68
52
46
45
44
43
42
35
26
23
19
18
18
17
15
11
11
10
10
10
10
9
6
5
5
4
4
3
3
3
2
2
2
2
2
1
1
1
1
1
1
1
1
1
1
1
1
1
1
1
1
1
1
1
1
1
615
397
191
189
142
86
64
55
46
30
22
22
18
16
15
13
12
9
8
7
5
4
4
3
1
1
1
1
1
1
9860
8307
4063
3211
2461
2077
1935
1380
1009
724
577
489
425
398
365
357
205
204
153
139
88
72
66
59
56
54
49
41
33
30
24
18
14
8
8
6
6
5
3
2
2
1
1
2347
1846
1440
685
650
329
279
258
254
224
169
142
93
87
64
60
60
49
32
31
27
26
24
19
19
16
15
14
11
10
9
8
7
7
7
6
6
6
5
5
5
5
5
5
4
4
4
4
3
3
3
3
2
2
2
2
2
2
2
1
1
1
1
1
1
1
1
1
1
1
1
1
1
1
1
1
1
1
1
8592
4568
2201
1921
1372
1144
823
657
651
594
567
385
283
266
253
202
197
187
181
176
169
139
139
107
96
85
81
75
75
73
57
48
39
39
33
31
27
25
23
19
15
14
13
10
10
10
8
8
6
6
5
5
4
3
3
3
2
2
1
1
1
1
1
1
1
1
209
207
169
165
156
123
101
77
76
76
67
62
59
58
41
39
36
31
28
28
25
24
21
21
20
19
16
15
14
13
13
13
10
10
9
8
7
7
7
6
5
4
4
4
4
3
3
3
3
3
2
2
2
2
2
2
1
1
1
1
1
1
1
1
1
1
1
1
1
1
30482
11600
8791
8441
5163
3561
3403
2611
2393
2353
2219
1189
1110
1068
1040
688
555
470
449
375
279
266
219
207
164
129
129
114
106
82
55
55
53
52
49
35
21
20
16
9
8
7
5
2
2
1
1
1
1
640
549
258
196
167
151
144
107
73
48
38
37
31
29
25
15
13
11
11
10
9
8
7
6
6
6
5
4
3
2
2
1
1
1
1
1
1
1
1
598
485
467
302
168
160
97
92
72
67
57
57
56
52
41
40
31
30
25
23
22
22
20
16
15
14
14
13
13
13
12
10
9
9
9
8
8
8
8
8
7
7
6
6
5
5
5
4
4
4
4
3
3
3
2
2
2
1
1
1
1
1
1
1
1
1
1
1
1
1
1
1
1
1
1
1
1
1
1
1
1
1
1
1
1
1
1
1
1
1340
188
124
45
24
20
14
13
13
11
6
4
3
3
2
2
2
2
2
2
2
1
1
1
1
1
1
1
267
226
203
128
126
125
99
64
64
57
55
47
46
46
41
38
37
37
35
35
33
27
24
24
23
23
21
21
21
20
19
18
15
14
13
12
12
12
11
9
8
8
7
7
7
7
6
6
5
5
5
5
5
4
4
4
4
3
3
3
3
3
3
2
2
2
2
2
2
2
2
2
1
1
1
1
1
1
1
1
1
1
1
1
1
1
1
1
1
1
1
1
1
1
1
1
1
1
1
1
1
1
1
1
1
1
1
1
1
1
1
1
1
1
1
285
143
118
107
86
64
58
55
54
42
42
38
31
31
30
29
24
24
22
21
19
18
18
12
11
11
11
9
9
8
8
7
6
6
5
5
4
4
4
4
3
3
3
3
3
2
2
1
1
1
1
1
1
1
1
1
1
1
1
1
3893
3014
2185
849
697
416
384
383
367
304
257
248
143
139
106
106
105
97
91
78
75
70
61
46
40
38
38
36
28
28
24
21
20
19
18
18
18
17
16
16
14
13
13
11
11
11
10
9
8
8
8
7
7
6
6
6
6
6
5
5
5
4
3
3
3
2
2
2
1
1
1
1
1
1
1
1
1
1
1
1
1
1
1
6778
5679
5200
3046
1349
1191
956
825
808
736
725
708
546
475
405
325
296
283
234
197
183
168
133
129
129
121
117
101
96
95
92
78
75
73
67
61
61
52
49
48
45
42
38
35
20
20
19
18
16
10
9
8
8
7
7
7
6
6
5
4
4
3
3
3
3
3
1
1
1
1
1
1
1
1
1
1
1
2248
1931
1727
1525
961
884
814
561
545
498
444
378
366
356
352
350
329
308
265
203
175
154
134
133
130
122
117
112
108
105
103
97
92
81
80
80
76
68
64
60
60
56
56
54
54
53
47
47
46
43
43
40
38
34
34
33
33
30
27
27
27
26
23
22
21
20
19
19
15
15
14
13
12
12
12
12
11
11
10
9
9
9
8
8
7
6
6
5
5
5
5
4
3
3
3
3
3
3
3
2
2
2
2
2
2
2
1
1
1
1
1
1
1
1
1
1
1
1
1
1
1
1
1
1
1
1
1
1
1029858
779218
429153
286140
230470
171749
125352
112311
97333
63319
61392
55779
46087
40227
37309
34063
31445
28340
26752
23963
23738
20861
20396
19726
17856
17663
13136
11869
11729
11103
10778
10466
9893
7743
6201
6050
5879
5678
5532
5171
4978
4859
4334
4035
3720
3472
2162
2029
1884
1510
1198
1130
1039
975
933
897
851
841
728
696
636
626
599
575
539
517
359
330
320
225
220
215
201
151
140
123
81
76
73
57
51
43
39
36
35
32
26
25
24
18
15
14
9
6
5
3
1
1
1
1
1
1
1
1
2801
1962
1447
1298
919
869
678
648
640
487
234
205
200
194
183
179
170
143
127
104
90
78
71
67
64
61
59
58
40
33
31
31
25
23
18
16
15
15
11
11
11
9
8
7
6
4
4
3
3
3
3
3
2
2
2
2
2
2
1
1
1
1
1
1
1
1
1
1
1
1
1
1
1
1
1
1
1
1
1
1
1
1
1
1
1
1
1
1
1
1
1
2671
729
633
530
378
172
171
164
97
85
67
42
37
30
26
25
23
20
16
12
10
8
5
4
2
2
1
1
1
1019
713
321
309
250
141
126
95
76
69
61
53
24
21
20
18
15
12
9
5
4
4
4
4
2
1
1
1
1
1
1595
1581
1087
841
548
538
493
402
390
281
248
245
226
134
127
119
99
96
89
87
84
72
62
59
58
57
52
51
51
50
50
46
44
43
40
40
39
38
38
38
29
29
28
25
23
17
16
16
15
14
14
13
13
12
11
10
8
8
8
7
7
7
7
6
6
5
5
4
3
3
3
2
2
2
2
2
2
1
1
1
1
1
1
332
129
99
84
45
39
38
28
25
10
9
7
6
6
5
3
3
3
3
2
2
1
1
1
1
1
1
1
200
191
155
67
63
60
54
44
41
41
40
26
24
23
17
13
12
12
10
9
8
7
6
5
5
4
4
3
3
3
2
1
1
1
1
1
1
1
1
1
1
1
1
1
1
1
1
1
1
1220
1022
687
677
413
313
246
211
48
34
23
21
19
13
13
5
4
4
4
4
4
3
3
3
2
2
2
2
2
2
2
1
1
1
1
1
1
1
1
1
1
1
1
1
4353
1028
952
393
371
319
225
222
173
165
160
137
136
117
111
106
86
86
71
65
62
46
32
27
26
24
21
16
15
11
11
11
10
9
8
7
7
5
4
4
4
4
3
3
2
2
1
1
1
1
1
1
1
1
1
1
1
1
1
1
1
1
1
1
1
1
1
1
1
1
1
1
1
1393
954
770
580
495
377
277
261
218
173
147
138
90
82
81
77
68
68
64
64
48
43
30
28
22
19
17
14
12
12
12
10
9
9
8
7
7
5
5
5
5
5
4
4
3
3
3
2
1
1
1
1
1
1
1
1
1
1
1
1
1
349
215
196
74
70
37
18
15
14
14
9
8
8
8
7
7
6
6
5
3
3
3
2
1
1
1
1
1
1
1
1
1
1
1
1
1
1
1
29518
5860
2511
1981
1203
1129
929
920
820
735
577
576
530
521
475
463
406
381
381
346
344
325
319
310
272
183
179
156
154
142
139
130
124
118
108
95
95
90
89
87
81
80
80
77
66
54
51
50
49
48
48
33
32
32
30
29
28
26
25
25
24
23
21
19
18
18
18
17
17
17
16
16
15
15
14
14
13
13
12
11
11
11
11
10
10
9
9
8
7
7
6
6
6
5
5
5
5
4
4
4
4
4
4
3
2
2
2
2
2
2
2
2
2
2
2
2
2
1
1
1
1
1
1
1
1
1
1
1
1
1
1
1
1
1
1
1
1
1
1
1
1
1
1
4072
1283
1164
735
694
367
330
313
274
245
242
239
232
225
201
182
154
131
124
86
84
84
83
81
77
72
67
65
59
54
48
48
47
42
41
38
33
33
32
26
26
25
23
22
22
22
21
20
17
16
14
13
12
11
10
10
9
9
8
8
8
8
7
7
6
6
5
5
5
5
4
4
4
4
3
3
3
3
3
3
3
3
3
2
2
2
2
2
2
2
2
2
1
1
1
1
1
1
1
1
1
1
1
1
1
1
1
1439
1430
513
356
252
240
219
148
117
83
80
79
66
51
24
22
21
20
19
17
15
12
10
10
9
7
5
5
5
4
2
2
1
1
1
1
1951
528
427
365
349
272
216
199
193
173
149
96
91
80
74
58
54
49
33
32
32
31
30
27
24
16
15
13
12
12
11
11
8
6
6
6
4
4
3
3
3
3
2
2
2
2
2
2
2
2
2
1
1
1
1
1
1
1
1
1
1
898
441
297
196
186
127
99
77
76
58
52
37
17
14
12
6
6
6
6
4
4
2
1
1
1
1
1
1
4977
2079
1259
798
552
336
319
220
196
117
96
93
55
55
51
47
40
33
19
17
10
6
5
5
4
1
1
1
1
1
1
274
173
117
70
61
51
36
34
34
32
27
20
19
19
17
11
9
9
8
7
7
6
6
5
4
4
4
4
3
2
2
2
1
1
1
1
1
1460
854
354
350
220
218
178
175
149
121
115
95
82
75
55
46
44
33
30
27
21
16
14
12
10
9
7
6
5
4
4
4
3
3
2
2
2
2
2
1
1
1
1
1
1
1
1
1
1
1
1
2108
1525
1128
843
443
424
352
257
224
186
165
146
135
74
63
50
48
38
38
26
26
23
20
20
19
16
14
12
11
10
9
7
7
6
6
5
4
3
2
2
2
1
1
1
1
1
1
1
1
1
1
287
262
244
146
103
102
92
88
79
70
64
43
39
34
32
30
26
24
23
23
23
20
19
18
17
17
16
16
16
16
15
10
8
8
7
7
7
6
6
5
5
5
4
3
3
3
2
2
2
1
1
1
1
1
1
13820
9098
5920
3778
3082
3044
1626
1449
1035
844
723
670
585
413
404
388
370
323
306
258
249
232
175
147
119
102
94
88
84
81
81
78
73
51
49
43
41
37
34
34
33
33
28
27
26
25
16
15
12
12
9
9
9
9
7
7
5
4
3
2
2
2
2
2
1
1
1
1
1
1
1
1
1279
832
830
752
311
154
93
92
86
85
67
59
39
37
28
26
25
24
21
16
14
14
13
13
12
10
9
9
9
8
8
6
5
5
5
5
5
4
4
4
4
4
4
3
3
3
3
3
3
2
2
2
2
1
1
1
1
1
1
1
1
1
1
1
1
1
1
1
1
1
1
1
1
1
1
1071
364
268
202
113
91
88
60
56
47
33
20
15
12
11
7
7
5
5
5
4
4
3
2
1
1
1
1
342
191
179
175
159
112
68
55
51
48
45
41
40
35
28
26
21
19
16
11
9
7
6
6
4
4
4
4
3
3
3
2
2
2
2
2
2
2
1
1
1
1
1
1
1
1
1
1
1
1
1
1
1
1
1
1
1
1
1
1
1529
726
438
240
204
164
127
99
96
66
57
54
47
33
22
17
17
12
7
5
5
5
4
3
2
2
1
1
1
1
258490
57547
32801
29529
27668
12505
10063
9102
8239
7853
7498
7461
7424
6801
5933
5887
5519
4320
3999
3701
3532
2996
2978
2364
1905
1833
1755
1750
1687
1633
1367
1303
1224
1220
1208
1001
909
886
674
669
609
543
535
529
527
497
463
420
408
400
392
383
357
339
336
319
308
307
301
290
280
277
266
255
254
237
221
220
218
208
207
206
205
201
193
183
180
170
148
142
136
129
127
124
114
104
103
99
97
94
93
88
86
81
79
79
73
72
71
69
65
65
65
64
64
62
57
54
47
47
46
42
39
38
38
37
34
31
30
30
28
26
24
22
21
19
19
19
18
17
17
16
16
16
15
15
14
14
12
12
11
11
11
11
11
10
10
10
10
9
9
9
9
9
8
8
8
8
8
8
7
7
6
5
4
4
3
3
2
2
2
2
2
2
1
1
1
1
1
1
1
1
1
1
1
1
1
1
1
1
1
484
248
234
229
225
191
183
170
162
138
121
91
81
52
37
34
31
27
20
18
15
14
11
10
10
9
7
6
6
5
5
5
5
4
3
3
3
3
3
2
2
2
2
2
2
2
1
1
1
1
1
1
1
1
1
1
1
1
1
1
1
1
1
1
1
1
1
1
1
1
1518
742
574
150
113
112
106
89
72
69
58
57
55
43
40
34
30
28
27
27
24
21
21
18
18
17
15
15
15
14
14
13
12
12
10
10
9
9
8
8
8
7
6
6
5
5
4
4
4
3
3
3
3
3
3
3
3
3
2
2
2
2
2
2
2
2
2
2
2
1
1
1
1
1
1
1
1
1
1
1
1
1
1
1
1
1
1
1
1
1
1
70577
6520
5447
3875
3712
3578
2515
2097
1484
1328
1248
1143
1086
976
954
884
807
780
765
746
690
440
414
386
366
349
282
264
255
255
233
219
192
182
182
172
171
149
137
118
109
107
102
99
97
90
89
89
83
79
79
77
69
53
45
44
41
40
35
33
26
23
22
21
17
16
13
11
10
10
9
9
9
8
8
7
4
4
4
3
3
3
3
2
2
2
2
2
1
1
1
1
1
1
1
1
1
1
1
1
1
1
906
689
508
254
188
147
112
100
98
74
73
68
66
61
61
55
45
36
26
15
14
13
12
11
8
8
7
7
7
7
7
7
6
5
5
5
5
5
4
4
4
4
4
3
3
3
2
2
2
2
2
1
1
1
1
1
1
1
1
1
1
1
1
1
1
1
1
1
1
1
1
1
1
1
1
1
1
1
1
1
1
1
1
1
1
1
1
1
1
1
1
1
1
1
1
1
1
11466
1007
798
696
639
450
363
362
291
290
189
138
137
131
119
116
115
105
96
90
72
69
65
65
64
49
43
43
40
35
31
24
24
24
23
23
19
15
14
14
14
12
11
10
10
7
7
7
7
7
7
7
7
6
6
6
5
5
5
5
5
5
4
3
3
2
2
2
2
2
2
2
1
1
1
1
1
1
1
1
1
1
1
1
1
1
1
1
1
1
1
1
1
1
1
1
1
1667
1341
1294
933
691
433
424
416
323
311
291
261
255
215
173
170
160
140
122
113
108
99
94
75
72
67
61
60
56
49
47
44
44
37
35
34
28
26
24
22
17
17
16
11
10
8
7
6
5
4
4
4
4
3
3
3
2
2
2
2
2
1
1
1
1
1
1
1
1
1
1
1
1
1
1
1
1
3699
1145
761
665
526
484
484
451
449
439
381
329
300
283
255
251
242
226
217
201
200
161
157
140
137
130
129
121
121
118
114
113
111
102
90
74
69
68
60
58
57
53
48
43
39
38
37
35
35
34
33
32
31
31
31
25
24
23
23
22
22
21
20
19
19
17
17
17
16
16
16
13
13
13
13
13
12
12
11
10
10
10
10
10
10
10
9
9
8
7
7
7
6
6
5
5
4
4
4
4
4
4
4
4
4
4
3
3
3
3
3
3
3
3
2
2
2
2
2
2
1
1
1
1
1
1
1
1
1
1
1
1
1
1
1
1
1
1
1
1
1
1
1
364
233
197
184
161
142
137
126
111
101
96
87
78
71
59
57
57
51
44
40
38
35
24
20
17
16
14
13
12
12
11
11
10
9
9
7
7
7
7
7
7
6
6
6
6
5
5
5
4
4
4
4
3
3
3
3
3
2
2
1
1
1
1
1
1
1
1
1
1
1
1
1
1
1
1
1
1
1
1
1994
1125
759
616
534
517
450
350
185
184
174
144
132
90
83
76
73
68
66
66
55
50
47
45
44
42
42
42
40
40
40
34
31
31
25
18
17
16
14
14
13
12
11
11
11
11
11
10
9
9
8
8
8
7
7
6
5
5
5
5
4
4
4
4
4
3
3
3
2
2
1
1
1
1
1
1
1
1
1
1
1
1
1
1
1
1
1
1
469
432
314
240
191
183
149
140
125
116
113
107
88
66
62
45
44
36
35
33
31
27
20
20
19
17
13
12
10
10
6
5
4
4
4
2
1
1
3301
3286
1229
1038
1024
926
881
880
787
659
584
476
375
371
322
299
273
255
230
216
168
121
76
52
49
46
44
42
35
34
27
17
16
14
12
9
8
7
7
6
5
5
5
4
4
4
4
3
3
2
2
2
2
1
1
1
1
1
1
1
1
1
1
1
1
1
1
1
1
1
1
1
1
1
1
1
1
1
1
1
1
1
1
1
1
1
1
1
1
1
1
1
1
1
1
1
6546
3464
1944
1898
816
796
707
570
443
429
361
283
164
152
152
144
125
121
113
107
102
99
92
82
75
67
63
62
58
58
44
35
34
33
29
29
29
28
25
24
24
19
17
16
15
15
13
12
12
11
10
9
9
8
8
8
8
7
6
6
5
5
5
5
4
4
4
3
3
3
3
3
2
2
2
2
2
2
2
2
2
2
2
2
2
2
2
1
1
1
1
1
1
1
1
1
1
1
1
1
1
1
1
1
1
1
1
1
9266
7026
5030
4256
4147
3516
2743
2728
2683
2344
1999
1910
1727
1392
1307
1217
1210
1192
1111
1004
983
865
843
767
754
747
698
698
687
655
560
525
509
501
499
477
420
417
409
395
385
369
368
362
350
344
336
324
322
291
279
271
261
241
196
190
165
162
162
155
137
135
129
118
113
107
106
101
99
87
85
77
76
76
74
71
70
70
69
68
66
55
51
50
48
43
42
30
29
26
25
23
17
17
15
14
14
14
12
12
11
11
11
9
8
8
7
6
6
5
4
4
4
3
3
2
2
1
1
1
1
1
1
1
1
363
169
154
103
102
77
75
62
61
55
51
46
36
34
32
31
24
23
19
17
14
14
14
13
12
11
8
8
7
7
6
6
6
5
4
3
2
2
2
2
1
1
1
1
1
1
1
1
1
1
1
1
11949
4274
4168
3461
1571
1390
1193
1124
782
771
704
622
599
547
516
504
459
458
257
229
214
180
157
135
125
114
113
99
88
74
73
66
56
55
52
47
40
37
35
33
32
29
22
19
19
15
15
15
13
12
12
9
8
8
7
5
5
5
4
3
2
2
2
2
2
2
2
1
1
1
1
1
1
1
1
1
1
1
1
1
1
3463
327
258
177
151
141
95
73
72
43
39
39
35
34
31
27
24
23
20
18
18
17
15
14
14
13
10
10
10
9
5
5
4
4
3
2
2
1
1
1
1
1
1
1
1
1
1
1
1
1
1
1029
414
405
229
177
123
105
87
73
55
48
40
37
30
27
18
16
15
13
12
10
9
7
6
5
5
4
3
2
2
1
1
1
1
1
1
566
109
92
41
39
36
28
18
16
15
15
14
13
12
12
11
11
9
7
7
6
6
5
4
4
3
3
3
3
3
2
2
2
2
2
2
1
1
1
1
1
1
1
1
1
1
1
1
1
580
210
177
116
76
49
24
21
9
3
2
1
1
220189
196019
90114
81140
60188
44339
31386
25595
18279
17833
15696
14121
13198
12900
11860
8939
7597
5538
4300
4057
3833
3461
3354
3336
3214
2918
1760
1628
1291
1286
1183
1083
1073
1007
1005
833
769
626
590
571
521
513
412
391
345
259
248
205
203
178
167
160
155
136
103
85
69
55
51
50
50
45
38
23
22
13
12
10
9
5
2
1
1
370
265
149
81
48
46
42
41
19
11
9
5
4
3
3
3
1
1
1
174
109
45
44
43
29
24
20
20
20
6
3
3
2
1
1
1
1
1
1
393
311
224
135
126
112
102
64
59
52
47
34
34
22
21
20
17
16
14
12
9
8
8
7
7
5
5
4
4
3
3
3
3
3
3
2
2
2
2
2
2
2
2
1
1
1
1
1
1
1
1
1
1
1
1
1
1
1
1
1
1
1
1
1
1
1
1
1
1
1
1
1
1
1
1
1
1
1
1
1
1
1
1
1
1
1337
1247
901
615
528
388
321
193
141
136
76
76
63
60
48
44
43
43
30
24
22
22
21
18
18
14
13
12
11
11
11
10
9
8
8
7
6
5
5
4
4
3
3
3
3
3
3
3
2
2
1
1
1
1
1
1
1
1
98318
89707
37930
32216
21827
13483
12667
10925
7467
6756
6711
5407
5218
4726
4597
3850
3633
3500
3284
3240
2985
2795
2664
2627
2272
2230
1861
1740
1591
1256
1069
1036
969
702
681
569
498
471
330
317
256
243
235
222
189
160
152
136
131
131
118
106
100
95
93
92
89
76
76
69
44
33
33
28
27
26
19
17
15
14
14
12
11
9
9
8
8
8
7
5
4
4
2
2
2
1
1
1
1
1
174
113
72
53
52
24
23
12
8
8
7
6
4
2
2
2
1
1
1
1
1730
1584
1021
965
930
724
652
152
136
121
105
79
67
61
59
56
50
47
36
34
29
27
26
26
26
26
25
24
22
21
19
18
15
15
14
14
14
13
12
12
11
11
9
8
8
5
5
5
5
5
4
4
4
4
4
3
3
3
3
3
2
2
2
2
2
2
2
1
1
1
1
1
1
1
1
1
1
1
1
1
1
1
1
599
255
165
138
125
100
84
48
44
41
33
30
24
15
13
8
8
4
4
4
3
3
3
2
2
2
1
1
1
1
1
1
1
1
2276
1021
707
607
291
281
179
175
153
83
79
74
64
32
32
28
16
15
13
5
3
3
2
2
2
1
1585
488
462
345
197
177
89
62
39
33
16
15
12
10
5
4
1
64
60
52
22
11
9
7
6
6
5
4
4
3
2
2
2
2
2
2
2
1
1
1
1
1
1
1
1
1
1
1
1
1
1
1
1
1
1
1
1
1
1
1
1
1
1
1
1
1
1
1
1
1
1
1
1
1
1
1
1944
1513
1273
1056
980
925
836
734
718
610
544
319
281
199
183
163
161
161
89
76
74
72
32
31
31
31
29
23
23
23
21
20
17
17
15
13
10
8
7
6
6
5
4
4
4
3
3
3
2
2
2
2
2
1
1
1
1
1
1
1
1
1
1
1
1
1
1
1470
597
582
303
185
165
144
139
84
68
64
62
50
47
27
17
16
12
10
10
5
4
4
3
3
3
2
2
1
1
1
1
1
2264
1306
1207
485
417
185
157
142
107
98
98
68
54
53
42
38
31
27
24
24
22
14
14
14
10
7
7
7
6
6
5
5
4
4
3
3
3
3
2
2
1
1
1
1
1
1
1
1
1
1
1
1
1
1
1
1
1
1
1
1
1
1
1
1
1
1
1
1
1
1
1
1137
886
337
225
138
125
93
77
69
64
62
47
40
40
37
35
32
30
30
29
27
26
25
19
19
18
14
11
10
10
10
9
9
9
8
8
8
8
7
7
6
6
6
6
5
5
5
5
4
4
4
3
3
3
3
3
2
2
2
2
2
2
2
2
2
2
1
1
1
1
1
1
1
1
1
1
1
1
1
1
1
1
1
1
1
1
1
1
1
1
1
1
1
1
1
1
1
1
1
1
1
1
1
1
378
282
172
157
139
126
100
94
88
61
52
48
45
27
27
21
21
19
18
16
16
13
13
11
11
9
8
8
7
6
6
5
4
4
3
3
2
2
2
2
2
2
2
2
2
2
2
1
1
1
1
1
1
1
1
1
1
1
1
1
1
1
1
1
1
1
1
1
1
1
1
1
12988
4789
3890
3334
3161
2820
2787
2646
2520
2380
2329
1672
1627
1608
1563
1401
1282
1137
963
947
912
864
775
768
684
666
634
497
490
441
431
416
344
327
300
293
290
286
279
276
276
272
253
241
237
215
208
206
202
176
175
154
144
138
132
124
112
107
107
91
76
74
71
61
60
60
59
57
52
46
41
41
41
39
37
37
36
36
33
32
31
31
30
30
30
29
29
28
27
27
27
26
26
26
26
25
25
24
23
23
23
22
22
21
21
21
21
21
21
20
19
19
18
18
16
16
16
15
14
13
12
12
12
10
10
9
9
8
8
8
7
7
7
7
7
7
6
6
6
6
6
6
5
5
5
5
5
4
4
3
3
3
3
3
3
2
2
1
1
1
1
1
1
1
1
1
1
1
198665
94318
79071
38114
33671
29023
28179
19557
18673
13341
11173
9315
9162
6298
6206
5209
5143
4793
4773
4143
3608
3148
2823
2571
2091
1637
1475
1441
1180
1025
898
706
666
520
462
442
383
323
194
161
144
123
123
105
102
92
81
77
73
60
57
54
17
12
9
7
4
3
1
1
831
141
114
56
47
45
45
37
34
33
27
25
23
20
17
15
15
15
9
8
8
8
5
5
5
4
3
3
2
2
2
1
1
2094
1349
1018
752
690
631
429
409
393
356
340
283
246
238
236
232
222
206
206
175
158
153
123
114
107
105
82
70
70
66
65
63
59
57
56
44
42
39
38
35
34
32
29
25
21
20
19
19
18
18
15
14
11
11
8
7
7
7
6
3
3
3
3
3
3
3
3
2
2
2
2
1
1
1
1
1
1
1
1
1
1
1
1
614
174
161
146
138
121
83
83
83
80
75
68
64
59
56
50
48
47
47
37
36
34
29
25
22
21
21
21
20
18
18
17
16
16
16
16
15
13
13
13
12
11
10
10
9
8
8
8
8
8
8
7
7
7
6
6
6
5
5
5
4
3
3
3
3
3
3
2
2
2
2
2
2
2
2
2
2
2
1
1
1
1
1
1
1
1
1
1
1
1
1
1
1
1
1
1
1
1
1
1
1
1
1
256
85
84
27
21
19
18
13
11
11
10
9
9
7
6
6
5
5
5
5
4
4
4
4
3
3
3
3
2
2
2
2
2
2
2
2
1
1
1
1
1
1
1
1
1
1
1
1
1
1
1
1
1
808
634
554
476
372
335
301
255
166
140
114
83
83
77
68
63
53
51
49
49
49
48
47
43
40
39
35
33
26
26
26
24
24
22
22
20
20
16
14
14
13
12
12
10
9
9
9
8
7
6
6
5
3
3
3
3
3
2
2
2
2
2
2
2
2
1
1
1
1
1
1
1
1
1
1
1
1
1
1
1
1
1
1841
806
452
357
208
171
145
97
93
79
78
71
56
40
38
30
23
22
17
16
15
12
12
10
10
10
9
8
6
6
4
3
3
2
1
1
1
1
1
1
1
1
1
1
1
747
427
218
186
131
86
60
54
24
23
6
4
2
2
1118
1047
955
932
930
809
398
249
169
122
115
75
65
58
54
42
42
34
31
30
29
27
26
25
25
18
16
9
5
4
4
3
3
3
2
2
2
2
2
2
1
1
1
1
1
1
1
1
1
1
1
171
121
57
33
25
18
18
18
11
11
8
7
6
5
5
4
4
3
3
2
1
1
1
1
1
81
31
22
5
3
1
341
161
135
74
47
39
38
29
22
8
5
5
4
4
2
2
2
1
1
79
33
22
12
11
8
6
4
2
1
1
718
282
251
200
111
98
75
66
63
58
42
22
18
18
16
14
13
10
6
3
2
2
2
2
1
1
1
1
1
1
1
1
1
1
10554
7049
2509
2335
1806
1708
1394
1294
1181
1181
817
660
630
503
427
362
349
335
297
295
291
251
203
184
184
139
125
123
122
122
110
107
106
95
71
69
64
55
53
46
45
44
43
43
41
36
29
28
27
27
26
25
24
24
24
23
21
21
20
18
16
15
15
13
12
12
12
11
11
10
10
10
10
9
9
9
8
7
6
6
5
4
4
3
3
3
3
3
3
3
3
2
2
2
2
2
2
2
2
2
2
2
1
1
1
1
1
1
1
1
1
1
1
1
1
1
1
1
1
1
1
1
1
1
1
1
1
1
1
1
1
1
1
1
1
1
1
1
1
817
217
139
126
117
113
105
42
41
40
31
30
25
23
22
21
20
16
16
16
13
13
10
10
7
6
4
4
4
3
3
2
2
2
1
1
1
1
1
1
1
1
1
1
3995
2129
2005
1488
1057
742
644
550
516
510
453
439
426
344
329
322
313
288
286
265
259
207
204
185
176
176
156
150
149
133
126
121
120
104
97
94
92
87
87
82
80
79
76
72
70
70
64
53
53
46
45
36
28
25
23
23
23
23
22
21
20
20
19
18
18
17
15
14
13
13
12
12
12
10
9
8
8
7
7
6
6
6
6
6
5
4
4
4
4
4
3
3
3
2
2
2
2
2
2
2
2
1
1
1
1
1
1
1
1
1
1
1
1
1
