2076
292
219
130
130
98
97
74
74
73
55
32
32
32
32
24
24
24
24
18
14
11
11
8
8
8
8
6
5
5
5
4
4
4
3
3
3
3
2
2
2
2
2
1
1
1
1
1
1
1
692
308
173
173
130
102
77
77
77
74
58
58
58
58
58
58
44
43
34
34
34
34
33
33
32
26
26
25
24
19
19
19
18
15
14
14
14
11
11
11
11
11
8
8
6
6
6
5
5
5
4
4
3
3
3
3
2
2
1
1
1
1
950
422
238
238
141
134
105
80
79
79
79
59
45
44
44
35
26
26
26
26
20
20
20
15
12
9
9
8
6
3
3
1
3014
1787
1340
1005
794
754
566
446
335
335
335
335
251
251
149
141
112
111
111
106
84
84
63
35
35
35
28
28
12
12
9
1275
1211
717
717
538
425
425
303
303
239
179
170
142
134
101
101
101
101
101
80
76
76
76
60
60
60
57
57
45
45
45
45
43
43
34
34
34
34
34
33
33
26
26
26
25
25
25
25
25
20
19
15
15
15
15
15
15
14
14
14
14
14
14
11
11
11
11
11
11
11
8
8
8
8
8
8
8
8
8
6
6
6
6
6
5
5
5
5
5
5
5
4
4
4
4
3
3
3
3
3
3
3
2
2
2
1
1
1
1
1
1
1
1
596
595
424
335
335
251
198
188
149
141
112
112
111
106
63
62
49
49
47
37
35
35
29
28
28
21
16
12
12
9
9
7
5
5
4
4
3
3
2
2
2
645
287
287
215
161
161
127
95
72
54
54
54
53
53
53
32
32
24
24
24
24
23
18
18
18
14
14
14
10
10
8
8
8
5
4
4
4
3
2
1
485
161
161
161
121
54
54
41
41
40
31
31
18
18
18
13
13
11
10
10
8
8
5
3
3
3
3
2
2
1
1
2600
1155
867
867
867
866
513
488
385
290
289
289
218
217
217
217
171
163
163
163
162
128
128
128
122
96
96
96
92
72
72
72
72
72
72
72
72
72
69
54
54
54
54
54
54
54
54
54
54
43
41
41
41
41
41
41
32
32
32
32
31
31
31
30
24
24
24
24
24
24
24
24
24
24
23
18
18
18
18
18
18
18
18
18
17
14
14
14
14
13
13
13
11
11
11
10
10
10
10
10
8
8
8
6
6
6
6
6
6
6
6
5
5
4
4
4
4
3
3
3
3
3
3
3
2
2
2
2
2
2
2
1
1
1
1
392
232
174
174
131
103
98
58
58
44
44
33
33
19
19
11
11
8
3
3
3
212
126
126
95
95
95
94
74
74
56
53
42
32
32
32
32
32
32
31
23
23
19
18
11
11
11
10
10
8
8
8
8
8
8
8
6
4
3
3
3
3
2
2
2
2
2
1
1
161
127
96
96
96
57
54
42
42
40
32
32
31
24
24
24
18
18
18
14
13
11
11
11
10
10
10
10
10
8
8
8
6
6
6
4
3
3
3
3
3
2
1
1
14486
4829
3622
2717
2717
2146
1610
1609
1208
1207
1207
1207
1207
906
905
679
402
402
402
302
302
227
226
170
134
134
101
100
100
76
75
75
57
45
33
33
25
24
19
14
8
8
6
5
5
3
2
2
2
1
1
1029
609
457
257
203
193
145
114
86
86
86
86
86
68
65
64
51
51
49
49
48
48
38
38
29
28
22
21
21
21
21
21
16
16
16
16
12
9
9
7
7
7
7
5
5
5
4
2
627
496
279
209
209
124
124
118
93
89
70
70
69
53
53
52
41
40
40
39
39
31
31
31
29
29
23
23
23
23
23
22
17
17
17
17
17
13
13
13
13
13
11
10
10
10
10
8
8
8
8
6
6
6
6
6
5
4
4
3
3
2
2
2
2
2
2
2
2
1
1
1
227
101
101
75
56
44
44
43
33
20
19
19
19
19
14
14
11
8
8
8
6
6
6
5
5
5
5
5
4
4
3
3
3
2
2
1
1
1
1
1
619
367
366
275
206
122
92
92
92
92
91
69
69
69
65
65
51
41
41
39
39
31
31
30
29
29
23
23
23
23
23
22
22
22
17
17
13
13
13
9
9
8
7
7
7
6
5
5
5
5
5
4
4
2
2
2
2
2
2
2
2
2
1
1
1
1
912
405
304
228
228
171
135
135
135
101
101
101
76
76
76
76
76
60
57
57
45
34
34
26
26
26
25
25
25
19
11
11
8
8
5
2
1
431
409
242
182
182
182
144
137
136
107
81
61
61
60
60
46
45
36
36
36
35
27
26
20
20
20
15
15
15
15
15
15
11
11
11
11
11
9
8
8
8
7
7
6
5
5
5
4
4
4
3
3
3
3
1
1
1
1
1673
744
743
418
418
330
330
186
186
186
186
140
139
105
104
100
79
78
62
62
62
62
59
47
46
46
35
35
35
33
33
26
26
26
25
21
20
20
19
15
15
12
11
8
8
8
7
7
4
3
3
2
2128
532
400
133
133
100
100
44
44
33
33
33
25
15
11
11
8
1662
1313
739
416
416
416
416
329
246
185
185
185
185
139
139
139
138
138
110
109
104
104
104
82
82
82
62
62
62
62
62
61
61
61
46
46
46
44
36
35
35
35
34
34
27
20
20
19
15
15
15
15
15
11
11
11
11
9
9
8
7
6
6
5
5
5
4
4
4
4
4
3
1
1
1
1
330
146
146
110
83
65
49
49
37
37
37
37
35
27
21
20
17
16
16
15
12
12
12
12
12
9
7
5
5
4
4
2
1
383
170
170
128
96
96
75
57
43
43
43
42
32
32
24
24
14
14
14
14
14
11
11
10
8
8
8
5
5
5
5
3
3
2
1
177
126
99
56
56
33
18
14
14
14
14
11
8
8
8
8
6
6
5
5
5
4
4
3
2
2
1
58213
10915
8186
4851
3638
3638
2729
2729
2047
910
910
909
683
682
303
303
288
227
170
170
170
128
96
76
76
72
57
43
43
43
42
32
25
18
14
14
14
14
6
5
704
132
99
58
44
44
33
25
25
15
15
14
11
8
8
8
5
3
270
120
90
68
40
40
30
30
29
23
17
13
13
13
9
8
7
5
5
5
4
4
3
2
2
2
1
1259
746
745
419
332
315
315
314
248
186
140
140
140
140
140
140
110
105
105
105
79
62
59
47
47
47
47
46
35
35
35
35
26
26
26
26
21
20
20
15
15
15
15
15
12
12
11
11
11
11
9
9
5
5
5
4
2
2
1
254091
107194
101751
60297
60297
45223
33917
33917
26799
26799
26798
26798
25438
15074
15074
15074
15074
11306
11306
11306
11306
8933
6700
5025
5025
5025
4769
3769
3769
3768
2827
2827
2120
2120
1675
1675
1675
1590
1256
1256
1256
942
942
942
942
942
942
942
942
744
706
558
558
558
314
314
314
236
236
236
236
236
177
177
105
105
105
79
78
78
78
78
59
59
59
59
59
44
44
26
20
20
20
19
15
15
15
14
14
11
9
6
6
6
5
5
5
4
3
1
854
854
811
480
379
360
271
270
270
213
160
160
90
90
71
68
68
68
53
53
53
51
30
30
30
30
30
22
22
22
18
17
17
13
10
8
6
5
5
3
2
2
1
386
290
218
207
164
129
122
97
92
92
92
72
72
69
55
55
54
41
41
41
32
31
30
30
24
18
18
18
18
18
18
14
14
10
8
8
8
8
6
6
6
4
3
3
2
2
1
1
1
1
410
242
242
182
137
137
137
136
108
81
81
81
81
81
61
61
61
61
46
45
45
45
36
36
36
36
35
27
27
20
20
20
20
20
20
15
15
15
15
11
9
8
7
7
7
7
6
6
5
5
4
3
2
2
2
2
1
1
801
571
451
338
267
254
254
253
200
191
190
150
150
150
150
150
150
143
113
113
113
113
89
89
85
85
85
85
84
67
67
63
63
63
50
50
50
50
50
48
47
38
38
38
38
37
37
37
35
29
29
29
29
28
28
28
28
28
26
21
21
21
17
17
17
16
16
16
16
13
13
13
13
12
12
12
12
12
12
9
9
9
9
9
9
9
7
7
7
7
7
5
5
5
4
4
4
4
4
4
4
4
3
3
3
3
3
3
2
2
2
2
2
1
1
1
1
3059
1812
1360
1360
765
764
453
453
431
341
340
340
340
255
255
255
255
191
191
191
191
151
151
151
151
113
113
113
113
113
113
113
107
85
85
85
85
85
85
85
80
64
64
64
64
50
50
50
48
48
48
48
38
38
38
36
36
36
29
29
28
28
28
22
22
21
21
21
21
20
17
16
16
16
16
13
12
12
12
12
9
9
9
9
9
7
7
7
7
7
7
7
7
5
5
5
5
5
4
4
4
3
3
2
2
2
2
1
1
1273
566
425
424
318
188
141
141
106
80
63
60
47
35
26
26
26
26
20
9
9
7
3
2
6998
4147
1750
1750
1750
1312
1037
778
584
584
583
583
583
583
437
345
329
259
259
259
246
246
246
194
146
146
146
146
146
146
146
110
110
110
109
86
86
83
82
82
82
65
65
62
62
49
49
48
48
48
48
48
48
48
47
47
47
37
37
36
36
36
29
28
27
27
27
27
27
27
21
20
20
20
20
20
20
20
16
16
16
16
15
15
15
12
12
12
12
9
9
9
9
7
7
7
7
7
7
7
5
5
4
4
4
3
3
3
2
2
2
2
2
2
2
1
1
1
1
1
1
266
210
89
89
89
70
67
39
39
29
23
22
22
22
10
8
7
7
3
2
2
2
1
1
1
166
98
74
56
56
56
55
44
33
25
25
24
24
24
19
18
18
18
14
14
11
8
8
8
8
8
6
6
5
2
1
531
398
284
168
126
126
100
95
95
95
75
56
42
42
42
33
32
32
32
25
25
24
24
23
19
19
19
17
14
14
14
14
11
10
10
10
10
8
8
8
8
8
8
6
6
6
6
5
5
5
5
4
3
3
3
3
3
2
2
2
2
2
2
1
1
1
1
1
371
265
209
157
124
118
93
88
88
69
50
39
39
39
39
29
29
22
17
16
13
13
10
10
10
7
5
4
3
3
7310
5483
4112
3903
3084
2436
2313
1370
1301
1028
976
976
771
434
434
433
343
342
325
325
245
193
144
109
108
108
86
81
64
48
36
12
11
9
5
5
5
4
4
4
2
2
1
1768
944
560
560
420
420
332
249
236
236
187
187
186
186
177
147
140
140
140
140
140
140
110
105
79
78
78
62
62
62
62
62
59
59
59
47
47
47
46
46
46
46
44
35
35
35
26
26
21
21
21
20
20
20
20
20
16
15
15
15
15
12
11
11
7
6
6
5
5
5
4
4
4
3
2
2
2
1
1
4758
3760
2115
2115
1586
1586
1253
1190
705
705
529
529
528
397
397
397
396
314
313
298
235
176
176
132
132
132
132
132
132
132
132
104
99
99
99
78
74
59
59
44
44
44
44
44
44
33
33
33
33
25
25
15
14
11
11
11
8
8
6
5
5
4
2
2
1
1
287
170
128
128
127
96
96
96
76
75
57
57
57
56
56
42
42
42
33
32
32
32
24
24
19
19
14
14
14
14
14
11
11
11
11
10
8
8
8
8
6
6
6
6
6
5
5
4
4
3
3
3
3
3
3
3
3
2
2
2
2
1
1
1
1
1
1
1
1
1
28493
12663
7123
5342
5342
4221
3166
2375
2375
2374
2374
1781
1781
1336
1055
791
791
791
752
594
593
445
445
445
352
334
334
264
250
198
149
148
148
112
83
38
37
37
28
28
12
12
9
9
9
3
3
3
1
622
368
276
276
207
123
87
69
69
52
52
39
39
39
31
31
29
23
23
17
17
17
13
13
13
13
13
10
6
6
5
5
4
4
3
2
1
1
1
461
345
194
154
146
146
139
110
86
83
82
82
65
65
65
65
49
49
48
47
38
38
37
36
29
29
29
29
28
27
27
22
21
21
21
20
20
16
16
16
16
13
12
12
12
11
11
11
9
9
9
9
9
7
7
7
7
7
7
7
7
5
5
5
5
4
4
4
4
4
4
3
3
2
2
2
2
2
2
2
2
2
1
1
1
1
1
1
1
579
193
145
145
86
65
64
64
62
48
48
48
37
36
36
21
21
20
20
16
16
12
12
12
7
7
5
4
